-0.69	-0.96	-1.16	-0.66	-0.55	0.12	-1.07	-1.22	0.82	1.40	0.71	0.68	0.11	-0.04	0.19	0.82
-0.21	0.19	0.86	0.04	-0.35	-0.39	-0.51	-0.20	0.00	0.77	0.41	0.14	-0.45	-1.23	-0.33	0.00
-0.30	-0.56	-0.29	-0.50	-0.27	-0.29	-0.56	-1.04	0.32	0.90	0.45	0.17	0.16	-0.12	-0.16	0.67
0.07	0.26	-0.47	-0.68	-0.63	-0.39	0.07	0.79	0.58	0.31	-0.14	-0.29	-0.10	-0.20	-0.06	0.36
-1.04	0.13	0.51	-0.44	-0.88	-0.32	0.21	0.95	1.07	0.38	0.01	-0.13	-0.78	-0.13	0.09	0.00
-1.17	0.09	-0.52	-1.04	-1.16	-0.83	0.17	0.93	0.89	0.52	-0.24	-0.46	-0.21	0.20	0.91	0.68
-0.16	0.35	-0.13	-0.26	-0.40	-0.47	0.10	0.74	0.45	0.04	-0.30	-0.30	-0.12	-0.59	0.14	0.20
-0.89	0.77	-0.25	-0.71	-0.33	0.05	-0.15	-0.42	0.68	-0.06	0.17	-0.15	0.07	-0.05	-0.23	0.58
-0.18	0.14	-0.04	-0.76	-0.68	-0.53	-0.37	0.19	0.81	0.56	0.03	-0.26	-0.13	-0.41	0.09	0.45
-0.42	-0.57	0.08	-0.44	-0.36	-0.18	-0.15	0.56	0.63	0.48	-0.67	-0.45	0.10	-0.02	-0.05	0.60
-0.15	0.32	0.23	-0.76	-1.16	-0.90	-0.23	0.28	0.45	0.99	0.20	-0.28	-0.53	0.01	0.00	0.54
-1.18	-1.02	-1.74	-1.69	-0.82	-0.19	-0.31	0.72	0.76	1.43	0.44	0.00	0.27	0.22	0.47	1.16
-0.29	-0.86	-1.21	-0.86	-0.54	-0.51	-0.92	-0.34	0.78	1.35	0.46	0.23	0.06	-0.51	0.16	1.05
0.43	-0.38	-1.12	-0.92	-1.15	-1.19	-0.49	0.62	0.84	0.67	1.01	0.95	0.33	0.38	-0.21	-0.08
1.03	-0.40	-1.25	-0.80	-0.42	-0.94	-1.11	-0.49	-0.19	1.05	0.78	0.27	0.20	0.36	0.28	1.10
-0.39	-0.59	-0.54	-1.08	-0.63	0.12	-0.05	-0.80	-0.01	0.49	0.41	-0.06	0.10	0.12	0.50	1.09
-0.05	-0.65	-0.71	-0.28	-0.25	-0.37	0.00	0.06	0.17	0.50	0.00	0.08	-0.19	0.34	0.09	0.27
0.75	-0.54	-0.97	-0.61	-0.45	-0.08	-0.06	-0.09	-0.52	1.04	0.63	0.32	0.13	0.21	-0.03	-0.01
0.78	0.45	0.26	-0.22	-0.38	-0.32	-0.55	-0.24	0.63	0.90	-0.01	-0.24	-1.50	-0.40	-0.52	0.24
0.05	-0.61	-0.48	-0.86	-0.37	-0.20	-0.02	-0.45	0.01	0.29	0.24	0.04	0.17	0.14	0.70	0.75
0.32	0.32	0.11	-0.52	-1.32	-0.85	-0.36	-0.36	0.11	0.68	0.32	0.09	0.02	0.19	0.25	0.31
-0.17	-0.51	-0.70	-0.47	-0.07	-0.19	-0.12	-0.17	0.20	0.45	-0.07	0.00	0.16	0.30	0.24	0.66
-0.02	0.50	-0.25	-0.85	-0.93	-0.62	-1.02	-0.98	0.28	1.00	0.75	0.38	0.05	0.37	0.01	0.76
0.28	0.45	-1.18	-0.85	-0.33	0.03	-0.09	-0.27	0.24	0.50	0.31	0.35	-0.23	-0.01	0.19	0.00
-0.26	0.24	0.61	0.34	0.57	-0.09	-0.13	-0.34	-0.46	0.19	0.03	-0.42	-0.17	-0.29	-0.05	-0.14
1.48	1.43	0.98	0.49	-0.13	-0.55	-0.63	-0.21	-0.07	-0.41	-0.76	-1.03	-0.39	-0.63	-0.42	0.44
-0.93	-0.93	-0.60	-0.62	-0.40	-0.32	-0.63	-0.65	0.07	1.07	0.37	0.07	0.18	0.18	0.72	1.08
0.27	0.71	1.37	1.19	0.79	-0.15	-0.77	-1.15	-0.97	-0.05	-0.53	-0.66	-0.15	-0.18	-0.24	0.25
0.38	0.02	0.03	-0.09	0.16	-0.48	0.19	-0.10	-0.14	-0.13	0.11	0.19	-0.04	-0.02	-0.13	0.00
-0.65	-2.62	-2.18	-1.57	-1.31	-0.45	0.27	1.20	1.55	0.79	0.24	0.80	0.45	0.55	0.59	1.26
0.54	-0.73	-1.33	-1.02	-0.60	0.00	-0.58	-1.05	0.01	1.34	1.00	0.39	0.21	0.03	-0.22	0.71
-0.45	-0.10	1.04	0.44	0.07	0.27	0.17	-0.33	-0.37	0.41	0.17	0.04	-0.08	-0.24	-0.67	-0.76
-0.09	-1.03	-1.19	-0.75	-0.20	-0.67	-0.41	-0.13	0.48	0.87	0.54	0.41	0.16	0.26	0.24	0.54
-0.23	-0.80	-1.19	-0.47	-0.05	-0.20	-0.26	-0.49	0.39	0.50	0.45	0.19	0.20	0.16	0.60	0.62
0.36	-0.67	-1.36	-0.72	-0.47	-0.30	-0.83	-0.46	0.21	0.57	0.50	0.26	0.24	0.35	1.03	0.64
1.13	0.62	-0.07	-1.29	-1.89	-2.56	-1.01	0.69	1.03	1.12	0.44	-0.10	-0.93	-0.46	0.21	0.90
-0.31	-0.12	-0.15	-0.53	-0.15	-0.44	-0.85	-0.33	0.55	0.67	0.56	0.17	-0.20	-0.14	0.34	0.00
0.93	-0.28	-0.20	0.11	-0.33	-0.78	-0.85	0.17	0.92	0.73	0.48	0.33	-0.54	-0.39	-0.89	-0.63
-0.46	-1.19	-2.23	-1.76	-0.72	0.23	-0.63	-0.95	0.39	2.07	1.43	0.87	0.58	0.16	0.27	0.00
-0.72	-0.22	-1.09	-0.95	-0.34	-0.13	0.03	-0.26	-0.01	1.12	0.60	0.04	0.07	0.24	0.01	0.57
-0.60	-0.14	-0.20	-0.64	-0.59	0.02	0.07	-0.40	0.31	0.74	0.19	0.01	-0.23	0.11	0.15	0.29
-0.85	-1.42	-1.60	-0.79	-0.09	0.12	0.58	1.07	1.37	0.37	-0.08	-0.09	0.07	0.46	0.44	0.00
0.11	0.33	-0.36	-1.02	-0.38	-0.40	0.11	0.77	1.45	0.14	-0.36	-1.29	-0.55	-0.17	0.23	0.49
-0.26	0.33	-0.38	-0.13	0.00	-0.47	-0.39	0.19	0.51	0.29	-0.24	-0.58	-0.02	0.01	0.16	-0.16
-0.11	-0.53	-1.13	-0.65	-0.35	-0.87	0.27	0.53	1.33	0.13	-0.19	-0.25	0.20	0.06	0.27	0.67
-0.26	-0.75	-0.76	-0.44	-0.45	-0.20	-0.53	-0.72	-0.04	1.10	0.78	0.14	0.01	0.01	0.14	0.52
-0.57	-0.95	-1.83	-1.13	-0.36	0.08	-0.72	-0.99	0.50	1.65	0.93	0.44	0.23	-0.21	-0.23	0.94
-0.63	-0.88	0.06	-0.12	-0.36	0.02	-0.12	-0.08	0.05	0.85	0.41	0.20	0.03	-0.07	-0.35	0.24
0.81	-0.25	-0.86	-0.77	-0.57	-0.85	-0.74	-0.30	0.03	0.54	0.53	0.26	0.12	0.21	0.08	1.03
0.21	-0.34	-0.78	-0.49	-0.12	0.14	-0.63	-0.57	0.66	1.13	0.06	0.07	-0.36	-0.28	-0.71	0.00
1.08	0.09	-0.51	-0.87	-1.25	-0.87	-0.60	-0.32	0.17	0.53	0.37	0.56	0.00	-0.15	0.26	0.74
-0.04	-1.24	-1.53	-0.70	-0.38	-0.28	-0.43	-0.17	0.45	0.64	0.59	0.31	0.19	0.38	0.69	0.82
0.39	0.34	-0.45	-0.38	-0.55	-0.45	-1.22	0.02	0.89	0.89	0.31	0.22	-1.05	-0.55	-0.10	0.60
-0.27	-0.76	-1.40	-1.22	-0.69	-0.23	-0.28	-0.21	0.44	1.14	0.75	0.21	-0.10	0.24	0.44	0.83
0.05	0.49	-0.35	-1.06	-0.36	-0.55	-0.46	0.46	0.68	0.71	0.50	-0.27	-0.45	-0.35	0.07	0.00
-0.24	0.07	-1.37	-1.88	-0.53	-0.49	0.48	0.50	1.53	0.35	0.28	0.13	-0.28	0.16	0.18	0.00
1.22	0.43	-0.96	-1.32	-1.03	-1.01	-0.83	-0.05	0.31	0.86	0.74	0.54	0.01	0.22	0.33	0.00
1.00	0.25	-0.37	-0.35	-0.64	-0.17	-1.08	-0.68	-0.07	0.47	0.25	-0.20	0.15	0.08	0.29	0.42
-0.02	0.30	-0.04	-0.02	-0.71	-0.76	-0.10	1.08	0.41	0.29	-0.48	-1.00	-0.41	-0.03	0.43	0.54
-0.48	-0.86	-0.85	-0.96	-0.84	-0.75	0.25	0.02	-0.27	0.60	0.22	0.05	0.35	0.72	0.59	0.95
0.95	0.15	-0.54	-0.25	-1.09	-0.87	-0.63	-0.59	-0.29	0.75	0.35	0.37	0.18	0.24	0.18	0.55
0.28	-0.10	0.38	-0.21	-0.14	-0.44	-0.29	-0.11	0.00	0.32	0.19	-0.23	-0.10	0.05	-0.52	0.40
0.59	-0.01	-0.03	-0.27	-0.43	-0.52	-0.82	-0.38	0.11	0.49	0.72	0.21	-0.09	-0.17	0.04	0.25
0.14	0.02	0.26	-0.03	-0.32	-0.33	-0.57	-0.27	-0.62	0.62	0.39	-0.04	0.31	0.25	-0.14	-0.31
-1.16	-0.57	0.34	-0.35	-0.55	-0.31	-1.04	-1.14	0.08	1.45	1.02	0.58	0.26	-0.20	0.13	0.00
0.16	-0.96	-1.36	-1.41	-0.76	-0.53	-0.18	0.57	1.02	0.22	0.17	-0.21	0.07	0.42	1.16	0.87
0.21	0.48	-0.18	-0.27	-0.38	-0.11	0.00	0.21	0.27	-0.41	-0.05	0.06	0.06	0.14	0.21	0.16
-0.38	0.86	1.14	-0.11	-0.32	-0.26	-0.84	-1.11	-0.24	1.23	0.54	0.02	0.05	-0.66	-0.47	-0.41
-0.21	0.72	1.89	0.63	-0.87	-0.75	-0.49	-1.20	-0.95	1.14	0.56	-0.06	-0.03	-0.51	-0.85	-0.49
-1.04	-0.28	1.22	1.05	0.56	0.05	-0.48	-0.74	-0.88	0.86	0.81	0.41	-0.05	-0.30	-0.78	-0.99
-0.57	0.21	0.57	0.53	0.14	0.16	-0.34	-0.66	-1.49	1.05	0.62	0.13	0.25	-0.23	-0.56	-0.59
-0.42	0.83	1.67	1.49	0.19	-0.22	-0.62	-1.49	-1.81	1.05	0.83	0.27	-0.06	-0.48	-1.08	-1.17
-0.09	0.85	1.47	0.54	0.03	-0.15	-0.28	-0.50	-1.57	0.52	0.86	0.05	-0.10	-0.39	-0.05	-1.05
-0.33	0.16	1.32	0.43	-0.10	-0.20	-0.59	-0.32	-0.63	0.91	-0.13	-0.12	-0.10	-0.37	-0.60	-0.47
-0.52	0.23	1.45	0.84	0.00	-0.40	-0.77	-1.10	-1.47	1.27	0.96	0.43	0.05	-0.32	-0.86	-0.56
-0.55	0.15	1.10	0.75	0.02	-0.56	-0.52	-0.68	-0.53	0.83	0.52	0.34	0.00	-0.26	-0.50	-0.45
-0.68	0.02	1.16	0.60	-0.32	-0.03	-0.85	-0.85	-0.32	1.22	1.26	0.52	-0.14	-0.12	-1.12	-0.62
-1.31	-0.30	1.00	0.38	-0.13	-0.01	-0.70	-0.81	-0.81	1.10	0.69	0.33	0.27	-0.21	-0.68	0.00
-1.30	-0.10	0.74	0.28	-0.23	-0.28	-0.47	-0.12	0.17	0.96	0.72	0.34	-0.23	-0.10	-0.55	-0.36
-1.08	-0.16	1.30	0.99	0.43	0.05	-0.34	-0.72	-1.24	0.92	0.80	0.35	0.06	-0.24	-0.66	-0.83
-0.52	0.28	0.99	0.69	0.02	-0.13	-0.42	-0.76	-0.57	0.66	0.76	0.33	-0.05	-0.43	-0.57	-0.70
-1.22	-0.11	0.29	0.04	-0.11	-0.31	-0.17	-0.43	-0.15	0.44	0.76	0.27	0.43	0.21	0.32	0.00
-0.38	-0.11	1.21	1.04	0.46	0.41	-0.29	-0.75	-0.50	0.16	0.08	-0.03	0.26	-0.08	-0.88	-0.72
-1.22	-0.64	1.08	0.84	0.09	-0.04	-0.19	-0.55	-0.50	0.99	0.43	0.43	0.10	0.00	-1.14	0.09
-1.11	-0.29	0.93	0.46	0.42	0.14	-0.57	-0.74	-0.55	0.99	0.89	0.12	0.10	-0.26	-0.66	-0.08
-0.30	-0.43	0.38	0.48	0.25	-0.13	-0.20	-0.24	-0.41	0.45	0.46	0.25	0.00	-0.18	-0.41	-0.28
-0.29	-0.06	0.65	-0.14	-0.38	-0.06	-0.55	-0.87	-0.48	1.01	0.92	0.67	0.17	-0.48	-0.55	-0.01
-0.45	0.30	1.12	0.77	-0.15	-0.34	-0.40	-0.80	-0.39	0.71	0.74	0.07	-0.09	-0.26	-0.53	-0.72
-0.47	0.54	0.91	0.35	0.20	0.15	0.04	-0.07	0.11	0.51	0.12	-0.27	-0.33	-0.31	-0.91	-0.62
-0.06	0.91	-0.37	-1.16	-1.01	-0.31	-0.41	-0.95	-1.41	1.67	1.03	0.77	0.76	0.52	-0.19	-0.06
-0.31	0.73	2.04	1.22	0.34	-0.27	-0.70	-1.70	-0.54	1.04	0.70	0.79	-0.38	-1.11	-0.64	-0.88
-0.24	0.41	1.19	0.45	-0.22	-0.27	-0.53	-0.54	-0.27	0.66	0.57	-0.01	-0.33	-0.28	-0.26	-0.53
-0.65	0.01	1.52	0.48	-0.34	-0.71	-0.58	-0.94	-0.60	0.97	0.88	0.61	-0.09	-0.36	-0.71	-0.33
-0.52	0.75	1.63	0.29	-0.06	-0.36	-0.50	-0.90	-0.65	1.06	0.59	0.16	0.02	-0.54	-0.88	-0.94
-0.50	0.11	1.16	0.72	0.30	-0.45	-0.68	-0.98	-1.04	1.00	0.88	0.37	-0.06	-0.14	-0.77	-0.39
-0.51	0.06	0.49	0.18	0.01	-0.29	0.02	-0.25	-0.43	0.23	0.15	-0.23	0.11	0.14	-0.09	0.05
-0.20	0.14	0.73	0.30	-0.28	-0.12	-0.27	-0.22	-0.25	0.24	0.07	0.00	-0.10	-0.06	-0.17	-0.08
-0.64	0.08	1.27	0.57	-0.34	-0.48	-0.64	-0.97	-0.61	1.13	0.66	0.23	0.00	-0.32	-0.50	-0.33
-0.48	0.88	1.60	0.75	0.04	-0.47	-1.15	-1.60	-1.66	0.92	0.95	0.68	0.20	-0.44	-0.74	-0.70
-0.64	-0.42	0.58	0.66	0.52	-0.02	-0.42	-0.68	-0.44	0.29	0.51	0.16	0.23	-0.12	-0.22	-0.32
-0.60	0.09	1.29	0.72	-0.23	0.09	-0.20	-0.57	-0.32	0.07	0.43	0.23	-0.09	-0.28	-0.27	-0.31
-0.74	0.32	1.62	0.88	0.46	-0.15	-0.44	-1.19	-0.90	0.85	0.77	0.24	0.11	-0.44	-1.00	-0.87
-0.40	0.29	1.47	0.79	-0.09	-0.48	-0.73	-0.79	-0.41	0.63	0.38	-0.24	0.10	-0.41	-0.56	-0.89
-0.55	0.04	1.49	1.14	0.17	-0.31	-0.95	-1.48	-0.74	1.14	0.81	0.57	0.14	-0.39	-1.11	-0.54
-0.22	-0.27	0.49	0.40	0.03	-0.29	-0.42	-0.57	-0.23	0.75	0.41	0.33	-0.15	-0.37	-0.52	-0.27
-0.27	0.12	1.20	0.84	0.33	-0.19	-0.68	-0.99	-0.64	0.80	0.56	0.30	0.05	-0.29	-0.42	-0.56
-0.49	0.51	1.41	1.23	0.28	-0.35	-1.16	-1.38	-1.16	1.03	1.25	1.06	-0.38	-0.65	-0.24	-0.44
0.63	0.87	2.00	1.05	-0.77	-0.46	-1.82	-1.86	-0.10	0.92	-0.01	0.17	-0.75	-0.82	-0.48	0.00
-0.02	0.76	1.43	0.50	-0.20	-0.43	-0.35	-0.73	-0.51	0.89	-0.20	0.07	-0.08	-0.60	-1.06	-0.36
-0.72	-0.26	0.59	0.33	0.01	0.02	0.00	-0.11	-0.28	0.55	0.25	0.18	0.05	-0.01	0.08	-0.49
-0.62	-0.43	1.38	0.79	0.19	-0.28	-0.62	-0.93	-0.83	1.12	1.09	0.32	0.04	-0.31	-1.16	-0.57
0.42	0.20	-0.17	-0.57	-0.35	-0.50	-0.17	-0.17	0.26	0.52	0.27	-0.22	0.07	0.14	0.04	-0.07
-0.98	0.07	1.44	1.14	0.47	-0.41	-0.83	-1.05	-0.56	0.76	1.02	0.50	0.01	-0.57	-0.94	-0.71
0.23	0.11	1.08	0.36	-0.07	-0.33	-0.39	-0.19	-0.57	0.83	0.28	-0.32	-0.12	-0.25	-0.70	-0.60
-0.16	-0.54	1.09	0.51	-0.12	-0.41	-0.36	-0.52	-0.23	0.24	0.47	0.34	-0.16	-0.14	0.00	-0.52
-0.05	-0.18	1.34	0.81	0.56	-0.19	-0.12	-1.06	-0.74	0.62	0.69	-0.07	0.15	-0.31	-0.89	-1.05
-0.41	0.11	0.71	0.72	-0.03	-0.21	-0.38	-0.29	-0.62	0.73	0.56	0.20	-0.06	-0.10	-0.52	-0.62
-0.36	0.41	1.48	0.92	0.48	0.14	-0.13	-0.43	-0.68	0.72	0.53	0.25	-0.36	-0.32	-1.34	-1.52
0.11	0.18	1.02	0.61	0.16	0.13	-0.21	-0.22	-0.71	0.53	0.12	-0.06	-0.03	-0.01	-0.79	-0.83
-0.60	0.19	0.84	0.21	-0.39	-1.04	-1.43	-1.64	-0.26	1.31	1.23	0.55	0.39	-0.20	-0.62	0.00
-0.43	-0.06	0.72	0.35	-0.02	-0.59	-0.48	-0.98	-0.54	1.16	1.06	0.45	0.44	-0.29	-0.92	-0.36
-0.54	0.49	1.87	0.86	-0.02	-0.27	-1.50	-1.54	-1.09	0.91	0.90	0.30	-0.12	-0.48	-0.79	0.00
-0.53	0.83	1.54	0.39	-0.27	0.09	-0.51	-1.06	-1.50	1.35	0.60	0.04	0.27	-0.32	-0.93	-1.02
-0.67	0.40	1.44	0.24	-1.26	0.03	-0.24	-0.77	-0.73	1.62	0.70	-0.01	0.01	-0.28	-0.85	-0.50
-1.55	-1.15	0.86	0.88	0.90	0.66	-0.09	-0.46	-1.09	0.21	0.77	0.43	0.33	0.27	0.36	-0.57
-0.34	-0.99	1.71	0.42	-1.64	-0.71	-0.87	-1.24	-1.55	2.16	1.75	0.85	0.76	-0.20	-0.99	-0.52
-1.45	0.43	0.04	-0.76	-1.66	-0.88	-1.70	-1.39	-0.32	1.25	1.11	0.52	0.71	0.92	1.07	1.51
-0.95	-0.38	0.67	0.45	0.66	0.39	0.23	-0.46	-0.50	0.28	0.17	0.36	0.11	0.05	-0.28	-0.54
1.22	0.09	-1.93	-1.16	-0.30	-0.47	-0.76	-1.09	0.10	1.12	1.00	0.42	0.13	0.00	0.28	0.64
0.40	0.56	0.88	-0.01	-1.05	-0.70	-1.17	-0.25	0.33	-2.19	0.42	0.26	0.38	0.29	0.81	1.05
0.51	0.35	0.84	-0.14	-0.22	-0.07	-0.14	-0.61	-0.59	0.63	0.50	0.36	-1.20	-0.30	-0.01	-0.11
0.05	0.05	0.86	0.46	-0.60	-0.62	-0.92	-0.86	-0.35	0.65	0.19	0.16	0.12	-0.09	0.22	0.27
0.09	0.03	0.39	-0.20	-0.63	-1.09	-0.97	-0.53	0.11	0.34	0.52	-0.08	0.11	0.12	0.25	0.59
0.38	-0.72	-0.85	-0.53	-0.71	-0.61	-0.62	-0.20	0.35	0.79	0.59	0.41	0.20	0.29	0.30	0.49
-0.22	0.69	1.86	1.05	-0.04	-0.28	-0.86	-1.25	-0.58	0.39	0.53	0.15	-0.34	-0.55	-0.84	-0.69
-0.23	-0.05	0.86	0.19	0.57	-0.30	-0.08	-0.42	-0.48	0.53	0.54	0.02	-0.21	-0.32	-0.49	-0.44
-1.31	-0.27	0.40	0.78	0.67	0.41	0.07	0.00	-0.11	0.35	0.26	0.41	0.08	-0.22	-0.30	-0.21
-0.39	-0.16	0.47	0.11	0.11	-0.16	-0.46	-0.51	-0.34	0.24	0.36	0.18	0.06	0.02	0.26	-0.03
-1.30	-0.20	1.65	0.78	-0.78	-0.20	-0.65	-1.52	-0.86	1.55	1.74	0.73	0.06	-0.11	-0.86	-0.58
-1.50	-0.87	0.80	0.66	0.51	0.03	-0.12	-0.85	-0.72	0.89	1.09	0.35	0.21	0.11	-0.33	-0.21
0.24	0.37	0.65	0.51	-0.03	-0.46	-0.55	-1.04	-0.56	0.44	0.47	0.30	0.04	-0.23	-0.20	-0.15
-1.07	-0.45	1.03	0.48	-0.11	-0.27	-1.29	-0.44	-0.10	0.79	0.92	0.24	-0.22	-0.19	-0.50	0.00
-0.06	-0.11	1.07	0.34	-0.19	0.02	-0.31	-0.16	-0.28	0.57	0.16	-0.01	-0.02	-0.13	-0.62	-0.35
0.33	0.38	1.06	0.08	-0.63	-0.18	-0.01	-0.46	-0.16	0.56	0.47	0.08	-0.90	-0.20	-0.36	-0.11
-0.47	-0.57	0.44	0.28	-0.12	-0.22	-0.09	-0.48	0.04	0.59	0.35	0.44	-0.01	0.07	-0.22	-0.11
0.05	-0.48	-0.35	-0.35	-0.32	-0.14	-0.09	-0.17	-0.01	0.39	0.44	-0.24	0.17	0.16	0.18	0.26
-0.50	-0.28	-0.10	0.47	0.27	0.03	-0.26	-0.31	0.06	0.62	0.51	0.38	-0.17	-0.49	-0.86	0.02
-0.88	-1.15	1.09	0.40	0.44	0.45	-0.20	-0.72	-0.71	0.87	0.86	0.46	0.10	-0.21	-0.74	-0.25
-0.54	0.68	0.73	-0.46	-0.66	-0.16	-1.03	-1.25	-0.69	1.48	0.62	0.07	0.06	-0.31	-0.69	-0.16
0.23	-0.15	0.85	0.16	0.26	-0.34	-0.40	-0.47	-0.68	0.70	0.68	-0.04	-0.29	-0.50	-0.80	-0.11
-0.43	0.82	1.94	0.88	-0.81	-0.30	-0.95	-1.77	-1.20	1.37	0.91	0.33	-0.06	-0.43	-1.35	-0.49
-0.03	-0.37	1.27	0.42	-0.26	-0.67	-1.01	-0.55	-0.13	0.82	0.70	0.22	0.01	-0.45	-0.42	-0.26
-0.09	-0.45	1.26	0.31	-0.30	-0.11	-0.51	-0.82	-0.62	1.16	0.74	0.47	-0.07	-0.42	-0.82	-0.30
-0.27	0.60	1.10	-0.22	-0.07	-0.34	-0.75	-1.33	-0.64	1.10	0.52	-0.12	0.01	-0.43	-0.42	0.09
-0.34	-0.25	1.10	0.77	0.24	-0.50	-0.34	-0.38	-0.70	0.53	0.34	0.15	0.03	-0.27	-0.49	-0.55
0.15	0.02	1.26	0.90	-0.02	-0.41	-0.59	-0.86	-0.70	0.58	0.23	0.23	-0.20	-0.06	-0.43	-0.83
-0.09	-0.42	1.24	0.46	-0.34	-0.48	-0.50	-1.03	-0.62	1.55	1.30	0.48	-0.30	-0.59	-1.68	-0.30
-0.39	0.25	1.31	0.34	-0.39	-0.29	-0.39	-0.67	-0.51	1.35	1.12	0.89	-0.86	-0.48	-1.07	-0.58
0.05	0.19	1.15	0.69	0.13	0.23	0.04	-0.65	-1.25	0.83	0.59	-0.36	-0.22	-0.36	-0.61	-0.75
-0.89	-0.20	1.26	0.42	-0.16	0.01	-0.54	-1.16	-0.68	0.78	0.94	0.51	0.09	-0.20	-0.68	0.00
0.18	-0.05	0.71	0.74	-0.47	-0.23	-0.87	-1.38	-0.34	0.95	0.80	0.08	0.17	-0.28	-0.37	-0.38
-0.19	-0.75	0.87	0.59	0.26	-0.36	-0.45	-0.55	-0.34	0.55	0.63	0.40	-0.12	-0.24	-0.54	-0.34
0.12	0.55	1.55	0.60	-0.84	-0.43	-0.79	-0.39	-0.53	0.54	0.61	0.20	-0.42	-0.43	-0.23	0.00
-0.81	0.09	0.92	0.27	-0.16	-0.05	-0.61	-0.73	-0.53	1.17	0.58	-0.01	0.27	-0.31	-0.58	-0.24
-1.73	-0.35	1.66	1.19	0.28	-0.31	-0.61	-1.65	-1.35	1.40	0.96	0.66	0.18	-0.46	-0.84	0.00
-0.59	0.75	1.64	1.32	0.30	-0.16	-0.67	-1.28	-1.39	0.95	0.90	0.47	-0.08	-0.51	-0.96	-1.08
-0.14	0.22	1.36	0.63	0.30	0.32	-0.52	-0.99	-0.97	0.67	0.63	0.29	0.02	-0.37	-1.17	-0.76
-0.54	0.08	0.89	0.74	0.30	0.30	0.22	0.05	-0.22	0.11	0.26	0.23	-0.05	-0.06	-0.83	-0.39
0.19	0.91	1.96	1.01	-0.65	-0.05	-0.49	-0.87	-0.21	0.20	1.00	0.62	0.05	-0.93	-0.95	-0.68
0.16	-0.64	0.90	0.84	0.49	0.21	-0.60	-0.51	-0.87	0.58	0.43	0.03	0.07	-1.03	-0.50	0.00
-0.10	0.14	1.05	0.50	0.14	0.34	0.13	-0.62	-0.72	0.72	0.48	0.18	-0.82	-0.26	-0.35	-0.45
-0.65	0.22	1.21	0.20	-0.28	-0.33	-0.58	-0.78	-0.21	0.82	0.90	0.21	-0.28	-0.38	-0.45	-0.73
0.30	-0.84	0.58	-0.14	-0.58	-0.26	-0.70	-0.95	-0.12	1.17	0.55	0.73	-0.03	-0.14	-0.33	0.25
-0.01	-0.33	0.99	0.47	0.09	-0.05	-0.23	-0.85	-0.29	0.43	0.40	0.46	0.13	-0.60	-0.25	-0.23
-0.76	0.00	1.24	0.79	0.20	-0.49	-0.67	-0.94	-1.00	1.06	1.02	0.55	-0.11	-0.30	-1.13	-0.54
-1.17	-0.73	0.10	0.27	-0.03	-0.28	-0.17	0.13	0.22	1.10	0.46	0.25	0.03	0.08	-0.33	-0.32
-0.46	-0.67	0.75	0.68	0.26	-0.26	-0.30	-0.32	-0.20	0.98	1.03	0.74	-0.32	-0.69	-1.16	-0.08
-0.87	0.84	0.03	-0.32	-0.44	-0.16	-0.54	-0.65	-0.32	1.13	0.64	-0.12	0.36	-0.09	-0.07	0.04
-0.11	0.26	1.63	1.44	0.25	-0.06	-0.78	-0.83	-1.63	0.94	0.80	0.13	0.40	-0.11	-0.70	-0.90
-0.20	0.09	-0.49	-0.16	-0.18	-0.03	-0.51	-0.65	-0.31	1.11	0.79	0.78	-0.03	-0.34	-0.40	-0.14
-0.63	-1.59	-1.08	-0.49	-0.50	-0.18	0.21	-0.17	0.07	1.36	1.04	0.89	0.21	-0.06	-0.05	0.00
-0.27	0.43	1.29	0.78	-0.64	-0.37	-0.81	-1.18	-0.72	0.74	0.57	0.47	0.02	-0.34	-0.36	-0.37
-0.90	-0.09	0.36	0.20	0.10	-0.39	-0.59	-0.09	-0.30	0.41	0.53	-0.04	-0.07	0.10	0.04	0.06
0.29	-0.38	0.37	0.37	-0.33	-0.19	-1.15	-0.51	-0.25	0.55	0.64	0.21	0.29	-0.12	0.08	0.00
-0.32	-0.19	0.93	0.66	-0.27	0.03	-0.25	-0.24	-0.01	0.31	0.14	0.08	-0.24	-0.21	-0.70	-0.18
0.30	0.05	0.87	0.23	0.28	0.40	-0.25	-0.40	-0.53	0.20	0.36	0.08	-0.07	-0.80	-0.50	-0.31
0.44	0.30	0.06	-0.02	-1.26	-0.60	-0.21	-0.50	0.21	0.73	0.50	0.40	-0.26	0.24	-0.11	-0.28
0.71	-0.64	-0.91	-0.60	-0.17	-0.14	-0.20	-0.22	-0.14	0.69	0.92	0.33	0.02	0.12	-0.09	0.30
1.13	0.69	-0.29	-0.48	-0.04	-0.37	-0.62	-0.28	-0.23	0.24	0.12	-0.05	-0.38	0.01	0.07	0.29
-0.31	-1.27	-0.99	-0.36	-0.40	-0.21	0.11	0.04	0.22	0.87	0.50	0.56	0.04	0.13	0.05	0.43
0.60	0.30	-0.54	-0.77	-0.51	-0.30	-0.42	-0.14	-0.03	0.50	0.24	-0.31	0.26	0.21	0.18	0.83
-0.11	0.54	1.42	0.78	-0.64	-0.67	-0.84	-0.89	-0.17	0.73	0.61	0.22	-0.35	-0.91	-0.17	-0.94
-0.32	-0.21	1.11	0.84	-0.14	-0.09	-0.37	-0.59	-0.40	0.44	0.25	0.04	0.08	-0.30	-0.39	-0.36
-0.42	0.16	0.87	0.47	0.22	0.07	-0.24	-0.74	-0.45	0.24	0.18	-0.06	-0.05	-0.29	-0.24	-0.27
-0.96	-0.27	1.89	1.61	0.82	0.44	-0.19	-1.00	-1.54	0.88	-0.21	0.50	0.34	-0.27	-1.22	-0.89
-0.14	0.21	0.84	0.19	-0.26	-0.10	-0.03	-0.09	0.00	0.25	0.29	0.55	-0.42	-0.20	-0.25	-0.56
0.06	-0.17	0.96	0.78	-0.03	-0.72	-0.83	-0.40	-0.22	0.83	0.83	0.75	-0.24	-0.37	-1.03	-0.22
-0.49	0.24	0.79	0.24	-0.06	-0.09	-0.28	-0.33	-0.34	0.37	0.31	-0.09	-0.04	-0.40	0.01	-0.05
-0.17	-0.03	-1.27	-0.78	-0.50	-0.53	-0.33	-0.86	-1.17	1.97	1.46	1.34	0.14	-0.41	-0.70	0.33
-0.35	0.14	0.87	0.33	-0.20	-0.44	-0.49	-0.44	-0.36	0.67	0.34	-0.10	0.06	-0.25	-0.21	-0.24
0.35	0.13	0.80	0.31	-0.31	-0.31	-0.46	-0.51	-0.20	0.36	0.39	-0.08	-0.29	-0.10	0.01	-0.22
-0.39	0.42	0.81	0.21	0.02	-0.15	-0.36	-0.38	-0.30	0.48	0.52	-0.06	-0.39	-0.18	-0.14	-0.55
-0.86	-1.26	0.17	0.56	1.23	0.66	0.31	-0.34	-0.28	-0.14	0.56	0.76	0.43	0.23	-0.01	-0.33
-0.89	-0.31	0.69	0.87	1.17	0.79	-0.29	-0.58	-1.00	0.20	0.69	0.61	0.34	0.06	-0.51	-0.74
-0.97	-0.66	0.08	0.43	0.86	0.91	-0.23	-0.48	-0.39	0.27	0.60	0.64	0.38	-0.11	-0.39	-0.47
-0.87	-0.14	0.40	0.68	-0.20	0.18	-0.32	-1.03	-0.22	0.34	0.64	0.60	0.43	-0.43	-0.15	0.00
-0.84	-0.48	0.45	0.83	0.97	0.75	0.39	-0.03	-0.94	-0.48	0.06	0.74	0.68	0.16	-0.35	-0.44
-0.44	-0.25	0.85	0.63	0.68	0.71	0.19	-0.34	-0.58	-0.14	0.14	0.40	0.11	-0.23	-0.34	-0.78
-0.36	0.18	0.86	0.88	0.53	0.72	0.21	-0.50	-0.55	-0.11	-0.01	0.46	0.28	-0.39	-0.58	-1.15
-1.28	-1.24	0.06	0.33	1.00	0.65	0.46	0.00	-0.35	-0.01	0.21	0.56	0.48	0.50	0.09	-0.10
-1.28	-0.55	-1.61	-0.15	0.44	0.50	0.27	0.53	0.35	-0.31	0.16	0.74	0.32	0.24	0.70	0.12
-0.17	-0.12	0.23	0.57	0.61	0.80	0.36	-0.38	-0.77	-0.54	-0.06	0.56	0.40	0.00	-0.12	0.00
-1.27	0.04	1.01	0.35	0.23	-0.03	-0.01	0.03	-0.18	0.32	0.58	-0.11	-0.10	-0.21	-0.24	-0.51
-0.53	-0.82	0.63	1.24	0.96	0.89	0.20	-0.38	-0.92	-0.52	-0.29	0.38	0.25	-0.03	-0.16	0.00
-0.36	-0.47	1.46	1.21	0.43	0.13	-0.67	-1.12	-1.37	0.70	0.99	0.76	0.07	-0.35	-0.68	-0.70
-2.01	-1.25	0.37	0.82	1.09	-0.37	-0.22	-0.35	-0.91	0.48	1.02	0.22	0.83	0.58	0.51	-0.21
-0.82	-1.21	0.32	0.46	0.96	-0.53	0.09	-0.28	-0.78	0.30	0.26	0.15	0.43	0.85	0.30	-0.14
-0.22	-0.28	0.90	0.53	0.24	0.29	0.15	-0.16	-0.02	-1.42	0.54	0.35	0.14	-0.07	-0.32	-0.17
-0.14	-0.39	0.17	0.54	0.33	-0.69	-0.99	-1.46	-0.30	0.26	0.89	0.50	0.17	0.03	0.33	0.42
-0.19	-1.04	-0.36	0.12	1.06	1.10	0.90	0.22	0.02	-0.50	-0.15	0.37	0.22	-0.52	0.04	-1.31
-0.19	-0.77	-0.17	-0.19	0.13	-0.36	-0.55	-0.07	-0.01	0.27	0.49	0.85	0.66	-0.24	0.03	0.09
-0.36	-0.93	-0.97	-0.06	0.61	0.21	0.59	0.45	0.18	-0.48	0.13	0.46	0.26	0.30	0.02	0.00
-0.46	-0.09	0.67	0.45	0.60	-0.14	-0.33	-0.05	-0.48	0.47	0.48	0.24	-0.12	-0.43	-0.85	-0.44
-1.04	-0.02	0.76	0.59	0.31	0.04	-0.35	-0.12	-0.48	0.50	0.55	0.45	-0.07	-0.17	-0.60	-0.60
0.11	-0.18	0.94	0.73	0.30	0.02	-0.51	-0.54	-0.49	0.44	0.47	0.06	0.07	-0.35	-0.77	-0.32
-0.40	-0.04	0.32	0.42	0.09	0.00	0.09	0.00	-0.10	-0.26	0.04	0.35	-0.01	-0.02	0.06	-0.16
-1.20	-0.37	-0.25	-0.26	0.36	0.73	0.27	0.27	0.34	-0.21	0.13	0.40	0.09	0.08	-0.05	-0.15
0.23	0.59	1.90	1.32	-0.19	-0.34	-0.87	-1.31	-0.13	-1.53	1.23	1.00	0.29	-0.25	-0.60	-0.05
-1.30	-1.02	0.20	0.52	0.87	0.81	0.49	0.44	0.21	-0.07	-0.49	0.34	0.22	0.11	-0.57	-0.04
-0.80	-0.74	0.42	0.72	-0.13	0.04	0.01	-0.14	-0.50	0.63	0.40	0.40	0.13	0.23	-0.20	-0.53
-1.04	0.29	1.45	0.67	-0.06	-0.50	-0.49	-0.83	-0.41	0.70	0.59	0.85	0.09	-0.32	-1.01	-0.61
-0.05	-0.69	0.61	0.79	0.52	0.05	0.09	-0.11	-0.12	0.20	0.40	0.12	0.05	-0.30	-0.48	-0.82
-0.02	-0.31	0.29	0.42	0.20	-0.19	-0.21	-0.37	-0.30	0.36	0.44	0.16	-0.03	0.02	-0.19	-0.47
-1.05	0.22	0.82	0.70	0.76	0.16	-0.07	-0.49	-1.00	0.17	0.50	0.54	0.17	0.04	-0.06	-0.40
-0.93	-0.41	0.68	0.80	0.68	0.07	0.12	-0.13	-0.60	0.16	0.45	0.37	0.34	-0.19	-0.13	-0.60
-0.76	-1.43	-0.20	1.12	1.56	1.27	-0.22	-0.79	-0.67	-0.02	0.37	0.21	0.11	0.09	0.00	0.11
-0.55	-0.42	-0.08	0.24	0.27	0.19	0.07	-0.35	-0.05	0.22	0.22	0.36	0.14	0.07	0.03	0.12
0.44	-0.23	-0.50	-0.47	-0.96	-0.73	-0.33	-0.62	0.18	0.71	0.80	0.50	0.22	0.20	-0.11	0.42
0.01	-0.67	-0.36	-0.10	0.40	0.08	0.51	0.20	0.19	-0.26	0.11	0.18	0.03	0.02	-0.22	0.33
-0.37	-0.25	0.28	0.98	0.39	0.08	0.01	-0.05	-0.71	0.13	0.21	0.08	0.04	-0.36	-0.21	-0.34
0.10	0.15	-0.06	-0.21	0.30	-0.37	0.01	-0.04	0.03	0.19	0.15	0.09	0.02	-0.64	-0.07	0.12
-0.99	-0.25	0.43	0.50	0.26	0.05	-0.34	-0.16	-0.39	0.13	0.59	0.81	0.17	-0.11	0.07	-0.14
-1.12	-0.91	-0.78	0.25	1.36	0.78	0.35	-0.05	-0.44	-0.37	0.00	0.34	0.14	0.36	0.34	0.56
-0.97	-0.72	0.11	0.36	0.22	0.07	-0.28	-0.61	-0.27	0.51	0.69	0.33	-0.01	0.02	0.03	0.03
0.42	-0.79	1.26	0.59	0.08	-0.52	-0.21	-0.84	-0.59	-0.21	0.62	0.37	-0.04	-0.23	-0.31	0.00
0.33	0.25	1.37	0.88	0.03	-0.06	-0.39	-0.68	-0.85	0.35	0.30	-0.06	-0.37	-0.90	-0.33	0.00
0.46	-0.05	1.86	0.36	-1.03	-0.93	-0.60	-1.25	-0.60	0.74	0.89	0.62	0.26	-0.48	-0.35	-0.19
-0.44	-0.13	0.04	0.49	1.10	0.52	0.54	-0.29	-0.45	-0.85	-0.45	0.50	0.49	-0.09	-0.18	-0.23
-0.10	-0.72	0.03	0.28	0.54	0.85	0.43	-0.57	-0.44	0.12	0.36	0.45	0.54	0.56	-0.10	-1.44
-0.38	-0.19	-0.02	0.50	0.81	0.37	-0.59	-0.12	-0.21	-0.90	-0.05	0.83	0.60	-0.44	0.29	-0.15
-0.82	-0.54	-0.68	0.81	1.29	0.95	-0.09	-0.72	-0.54	-0.21	0.25	0.17	-0.28	0.08	0.00	0.52
0.00	0.44	0.94	0.53	0.13	-0.47	-1.03	-0.61	-0.39	0.21	0.43	0.04	0.01	-0.19	-0.12	0.00
0.31	0.09	1.00	0.57	0.15	-0.66	-0.35	-1.09	-0.34	-0.41	0.36	0.41	0.10	-0.31	0.02	0.10
-0.98	-1.09	-0.05	0.57	0.47	0.47	-0.16	-0.11	-0.22	0.20	0.32	0.35	0.49	-0.11	0.14	0.00
-0.07	0.06	0.07	0.71	0.61	0.71	0.36	0.05	-0.26	-0.75	-0.14	-0.06	0.38	-0.06	-0.31	-0.38
-0.64	-0.95	-1.17	0.47	0.32	0.81	0.00	0.24	0.36	-0.30	0.27	0.47	0.52	0.36	0.19	0.00
-0.43	-0.84	-1.22	0.05	0.63	0.57	0.54	0.29	0.21	-0.11	0.16	0.62	0.14	0.25	0.16	0.00
-0.48	-0.42	0.34	0.65	1.00	0.33	0.05	0.02	-0.54	-0.52	-0.07	0.02	0.08	-0.09	0.08	0.00
-0.35	-0.36	0.09	0.39	0.86	0.58	0.23	0.25	-0.20	-0.21	0.13	0.31	-0.16	-0.19	-0.82	-0.61
-0.53	-0.25	-0.99	0.33	0.63	0.44	-0.05	0.34	-0.36	-0.10	0.11	0.33	0.55	0.10	0.11	-0.16
1.37	0.72	-0.26	0.79	0.99	0.48	0.13	0.23	-0.19	-0.95	0.13	0.48	-0.85	-0.33	-0.37	-0.95
0.36	-0.01	0.30	0.59	0.84	0.26	-0.35	0.36	0.15	-1.16	-0.06	0.13	-0.66	-0.68	0.01	-0.26
0.63	-0.09	-0.51	0.12	0.66	0.32	-0.16	0.29	-0.08	-0.45	-0.01	0.17	0.24	0.03	0.34	-0.04
-0.95	-0.12	0.53	0.06	0.19	-0.32	0.18	0.05	-0.41	0.39	0.70	0.02	-0.01	-0.32	-0.05	0.00
0.06	-0.04	0.87	0.39	0.20	-0.10	-0.17	-0.50	-0.52	0.21	0.16	-0.10	-0.24	-0.74	-0.19	0.10
-0.44	-0.20	0.58	0.33	0.63	0.48	0.17	0.01	-0.28	-0.05	0.17	0.23	-0.33	-0.15	-0.25	-0.56
-0.16	0.25	0.22	0.25	0.04	-0.25	0.02	0.07	-0.01	0.31	0.17	0.08	-0.29	-0.11	-0.39	-0.26
-0.48	0.18	-0.14	-0.17	0.07	0.24	0.51	0.26	0.04	-0.30	-0.27	0.04	0.10	0.03	0.39	-0.06
0.40	-0.28	0.53	0.72	-0.16	-0.12	-0.94	-0.01	0.06	0.74	1.10	1.18	-0.28	-1.63	-0.74	-0.57
-0.24	0.14	0.25	0.35	0.54	0.27	-0.14	0.08	-0.34	-0.60	-0.23	0.21	0.48	-0.35	0.09	0.00
-0.13	-0.21	0.71	0.86	0.40	0.02	0.07	-0.13	-0.52	-0.19	-0.23	0.36	0.12	-0.32	-0.46	-0.57
0.85	0.97	1.31	0.28	0.24	-0.30	-0.80	-0.58	-0.61	0.24	0.35	-0.14	-0.11	-0.84	-0.51	-0.54
-0.21	0.68	1.66	1.03	-0.07	-0.21	-0.51	-0.94	-0.62	0.75	0.56	-0.01	-0.15	-0.84	-0.71	-1.09
-0.47	0.26	0.70	0.55	0.29	-0.09	0.22	0.07	0.07	0.31	0.39	0.02	-0.30	-0.11	-0.47	-0.55
-0.11	-0.72	-0.11	0.51	0.44	-0.24	-0.36	-1.12	-0.57	0.26	0.62	-0.52	0.08	-0.12	0.42	0.36
-0.60	-0.46	-0.04	1.14	1.58	0.77	-0.21	-0.58	-0.23	-0.71	-0.27	0.08	-0.60	-0.32	0.23	0.43
-0.86	0.21	0.75	0.19	0.04	-0.59	-0.59	-1.18	-0.16	0.68	0.91	0.23	0.14	-0.06	-0.20	-0.50
-0.79	-1.04	-0.49	-0.12	0.61	0.77	0.34	0.12	0.12	-0.35	0.15	0.22	0.37	0.29	0.17	0.14
-1.01	-0.48	-0.41	-0.44	0.63	0.54	0.56	0.32	-0.01	-0.21	-0.01	0.17	0.41	0.24	-0.34	0.14
-1.14	-0.70	-0.88	-0.73	-0.14	0.51	0.94	0.79	1.09	0.15	-0.23	-0.40	0.16	0.33	0.21	0.12
-0.67	-0.70	0.19	0.35	0.55	0.28	0.07	-0.06	-0.30	-0.09	0.12	0.26	0.21	0.36	0.08	-0.19
-0.15	-0.60	-0.37	-0.15	0.59	0.46	0.02	0.21	0.04	-0.40	-0.48	-0.06	0.21	0.44	0.34	0.26
-0.98	-1.49	-0.83	-0.56	-0.38	0.09	1.23	1.23	1.25	0.01	-0.57	0.01	-0.25	0.45	0.66	0.25
-0.84	-0.88	-1.13	-0.37	0.47	0.78	1.21	1.38	0.78	-0.57	-0.57	0.02	0.52	0.41	-0.27	0.35
-0.37	-0.56	-0.12	0.16	0.38	0.50	0.28	0.38	-0.17	-0.11	-0.27	0.13	0.51	0.39	-0.10	-0.31
-0.33	-0.79	-0.57	0.13	0.37	0.54	0.37	-0.13	-0.02	-0.43	0.01	0.53	0.54	0.23	0.28	0.25
-0.41	0.11	0.38	0.49	0.62	0.93	0.58	0.28	-0.40	-0.55	0.05	0.03	-0.04	-0.04	-0.64	-0.95
-0.83	-0.66	0.08	0.60	0.84	1.02	0.40	0.06	-0.33	-0.33	-0.01	0.15	0.17	0.16	-0.29	-0.52
-0.48	0.06	-0.01	0.31	0.37	0.27	0.35	0.31	-0.19	-0.27	-0.23	0.15	0.02	0.18	-0.24	-0.41
-0.89	0.07	0.42	-0.12	-0.31	-0.26	0.27	0.16	-0.10	-0.13	-0.06	0.14	0.15	0.51	0.46	0.12
-0.79	-0.28	-0.53	-0.22	-0.04	0.24	0.62	0.36	0.19	-0.69	-0.50	0.06	0.22	0.62	0.87	0.36
-0.20	-0.31	-1.25	0.05	0.63	0.73	0.31	0.44	0.05	-0.33	-0.27	0.08	0.26	-0.03	0.16	-0.13
-0.16	1.09	0.20	-0.22	-0.61	-0.39	0.15	0.29	0.13	-0.11	-0.32	-0.08	-0.12	0.23	0.15	0.00
0.51	0.35	0.02	-0.43	-0.37	0.01	0.33	0.57	0.49	-0.38	-0.38	-0.22	-0.18	-0.20	-0.36	0.21
-0.92	-0.47	-0.04	-0.09	0.06	0.77	0.80	0.12	-0.09	-0.04	-0.11	-0.07	-0.06	0.11	0.24	-0.11
-0.74	-0.74	-0.75	-0.23	0.04	0.08	0.04	-0.16	-0.20	0.01	0.15	0.32	0.50	0.72	0.96	0.67
-0.25	0.11	-0.45	-0.94	0.20	0.75	0.57	0.02	-0.06	0.06	-0.32	-0.50	0.18	0.33	0.64	0.16
-0.03	0.52	-0.33	0.13	0.57	0.62	0.04	0.12	-0.10	-0.45	-0.21	-0.09	0.04	0.07	0.09	-0.42
0.38	0.02	0.03	-0.09	0.16	-0.48	0.19	-0.10	-0.14	-0.13	0.11	0.19	-0.04	-0.02	-0.13	0.00
-0.96	-0.85	0.06	0.65	0.61	0.36	0.13	-0.32	-0.16	-0.37	0.09	0.37	0.23	0.52	0.32	-0.14
-0.29	0.12	-0.10	0.11	0.21	0.38	0.36	0.85	-0.04	0.16	-0.36	-0.12	-0.01	0.29	-0.54	-0.60
0.96	0.63	0.31	0.17	0.45	0.69	0.32	0.02	-0.42	-1.49	-0.78	-0.10	0.17	-0.26	-0.01	-0.25
0.24	-1.03	-0.57	0.00	-0.06	0.86	0.82	0.10	0.17	-0.80	-0.26	-0.01	0.58	0.14	0.14	-0.11
-1.41	-1.11	-1.04	0.28	1.26	1.34	0.72	0.36	0.28	-0.90	-0.22	0.32	0.49	0.24	0.17	0.00
-1.47	-0.29	-0.44	-0.08	0.85	1.26	0.13	-0.15	-0.45	-0.49	-0.10	0.53	1.14	0.71	0.22	0.00
-0.74	-0.03	-0.58	0.21	1.01	1.10	0.80	0.42	-0.26	-0.67	-0.58	-0.18	0.58	0.34	0.16	-0.79
-0.74	-0.86	-0.49	0.78	1.11	1.12	0.68	0.04	-0.52	-0.68	-0.07	0.30	0.50	0.63	0.14	-0.29
-2.44	-1.26	-0.27	0.39	0.89	0.89	0.45	-0.09	-0.41	-0.01	0.61	0.71	0.86	0.29	0.32	0.00
-0.80	-1.32	-0.53	0.48	0.79	0.80	0.36	0.29	-0.01	-0.82	0.10	0.55	0.72	0.35	0.18	0.00
-0.65	-0.69	-0.68	-0.05	0.75	0.88	0.79	0.17	-0.44	-0.29	-0.32	0.22	0.39	0.55	0.47	-0.15
0.88	0.93	0.24	0.01	0.07	0.64	0.49	-0.24	-0.38	-0.76	-0.93	-0.45	-0.04	0.16	0.15	0.00
-0.18	0.73	0.27	0.02	-0.15	0.59	0.75	-0.53	-0.09	-0.95	-0.82	-0.35	0.56	0.52	0.38	-0.32
-1.94	-1.77	-0.93	-0.51	0.51	0.82	0.94	0.81	0.60	-0.10	-0.39	-0.32	0.60	0.38	0.87	0.70
-0.97	-0.52	-0.62	0.12	0.18	0.22	0.54	0.17	-0.04	-0.24	0.17	0.45	0.64	0.13	0.61	0.01
-0.42	-0.48	-0.87	0.22	0.35	0.86	0.46	0.34	0.01	-0.06	-0.20	0.25	0.30	0.39	0.16	0.00
-1.37	-1.15	-0.77	0.02	0.64	0.30	0.34	0.08	-0.10	0.06	0.37	0.25	0.68	0.14	0.73	-0.14
-0.70	-0.36	-0.56	-0.30	0.76	0.20	0.68	0.40	-0.01	-0.44	-0.11	0.17	0.32	0.03	0.20	-0.09
-0.45	-0.24	-0.22	-0.15	0.25	0.07	0.52	0.33	-0.01	-0.55	-0.40	0.06	0.16	0.15	0.48	0.36
-1.04	-0.76	-1.53	-0.33	0.47	0.59	0.92	1.13	0.84	-0.55	-0.55	0.17	-0.12	0.17	0.03	0.01
-1.01	-0.47	-1.01	-0.28	0.31	0.89	1.24	1.54	0.89	-0.21	-0.69	0.61	-0.95	0.10	-0.14	0.18
-0.64	-0.47	-0.95	0.18	0.60	0.46	0.60	0.64	0.46	-0.60	-0.33	0.26	0.13	0.04	0.19	-0.12
-0.74	-0.29	-0.68	0.00	0.74	0.60	0.70	1.02	0.43	-0.57	-0.36	0.32	-0.15	-0.05	0.08	0.00
-0.29	0.05	0.25	0.28	0.30	0.73	0.26	-0.02	-0.32	-0.83	-0.58	0.15	0.48	-0.09	0.33	-0.53
-0.97	0.46	0.01	-0.40	-0.45	0.39	0.56	0.16	0.26	-0.26	-0.31	-0.23	0.24	0.06	0.35	0.27
-0.56	0.16	-0.16	0.01	0.20	0.59	0.33	-0.13	-0.08	-0.59	-0.33	0.05	0.59	-0.05	0.56	-0.04
-0.90	-1.97	0.03	0.76	0.87	0.53	0.54	0.12	0.15	-0.35	-0.29	0.21	0.24	0.37	0.11	0.00
-0.60	-0.55	0.01	0.61	0.77	0.60	0.42	0.12	0.05	-0.26	-0.13	0.05	0.16	-0.02	-0.10	-0.37
-0.62	-0.37	0.21	0.68	0.52	0.12	0.03	-0.41	-0.03	-0.27	-0.09	0.18	0.21	0.22	0.16	-0.09
-0.17	0.24	-0.03	0.36	0.61	0.41	0.13	0.22	-0.23	-0.56	-0.24	-0.03	0.36	-0.01	-0.09	-0.59
-0.29	-0.60	-0.09	0.29	0.65	0.70	0.17	-0.01	-0.28	-0.45	-0.30	-0.14	0.27	-0.13	0.49	-0.48
-0.15	-0.76	-0.27	0.46	0.44	0.55	-0.20	-0.08	-0.27	-0.62	-0.10	0.24	0.43	0.41	0.63	0.07
-0.05	-0.15	-0.58	-0.58	0.18	-0.67	0.29	0.20	0.02	0.27	0.08	-0.41	-0.05	0.17	0.14	-0.11
-1.08	-1.04	-0.83	-0.86	-0.67	0.00	1.07	1.53	1.23	-0.08	-0.58	-0.45	-0.38	0.44	0.61	0.90
-1.86	-0.52	-0.98	-0.95	-0.26	0.69	1.13	0.92	0.86	-0.41	-0.51	-0.27	0.60	0.50	0.92	0.80
-1.35	-0.57	-0.95	-0.70	0.14	0.57	1.06	1.24	0.84	-0.35	-0.64	-0.11	0.18	0.63	0.43	0.00
-0.50	-0.89	-1.33	-0.75	-0.32	0.19	0.84	1.22	1.03	-0.23	-0.38	0.15	0.15	0.66	0.38	0.00
-0.89	-0.67	-0.64	-0.80	-0.32	0.09	0.62	0.83	0.85	0.09	0.00	-0.32	-0.06	-0.12	0.45	0.45
-0.93	-1.29	-1.01	-0.99	-0.15	0.44	1.04	0.90	0.56	0.02	-0.23	-0.36	0.07	0.45	0.52	0.67
-1.13	-0.80	-2.20	-0.39	-0.35	0.85	1.03	1.12	0.72	-0.24	-1.20	0.45	0.45	0.59	0.20	0.71
-0.09	0.06	-1.06	-0.17	-0.28	0.44	0.90	0.80	0.73	-0.44	-1.25	-0.09	-0.10	0.23	0.24	0.52
-0.71	-0.49	-0.67	-0.53	0.35	0.38	0.63	0.79	0.36	-0.11	-0.23	-0.33	-0.07	-0.05	0.34	0.31
-0.59	-0.08	-0.35	-0.29	0.61	0.19	0.49	0.43	0.17	-0.35	-0.33	-0.07	0.01	-0.12	0.11	-0.08
-1.89	-0.92	-1.05	-1.11	0.66	0.34	0.28	1.21	1.19	-0.62	-0.15	0.33	0.34	0.41	0.71	0.40
-1.12	-0.94	-0.97	-0.31	0.13	0.35	0.56	0.56	0.74	-0.51	-0.36	0.05	0.24	0.52	0.58	0.44
-1.59	-1.29	-1.54	-0.75	-0.24	0.50	1.08	1.22	0.89	-0.24	-0.36	0.32	0.33	0.56	0.94	0.86
-1.28	-1.02	-0.76	-0.65	0.02	0.50	0.89	0.80	0.59	-0.54	-0.38	-0.03	0.68	0.42	0.88	0.41
0.12	0.27	-0.64	-0.99	-0.95	-0.57	0.01	0.81	0.74	0.40	-0.14	-0.57	-0.17	0.27	0.00	0.50
-1.82	-1.35	-0.65	-0.67	-0.40	0.34	0.57	0.47	0.51	0.12	-0.25	0.08	0.41	0.80	1.27	0.63
-0.92	-1.31	-0.96	-0.42	0.19	0.36	0.63	0.55	0.72	-0.31	-0.58	0.21	0.23	0.29	0.73	0.30
-1.50	-1.69	-1.12	-1.02	-0.44	0.75	1.03	0.93	1.55	0.07	-0.54	0.46	0.68	0.70	0.83	0.00
-0.30	0.07	-0.76	-0.68	-0.59	-0.27	0.52	0.88	0.80	0.18	-0.53	-0.82	-0.39	-0.01	0.51	0.56
-0.52	-0.23	-0.63	-0.48	-0.11	0.17	0.30	0.75	0.63	-0.17	-0.13	-0.38	0.23	0.18	0.40	0.07
-0.45	-0.34	-0.76	-0.33	0.17	0.53	0.72	0.76	0.43	-0.42	-0.17	-0.15	0.08	0.12	0.54	-0.01
0.37	0.35	-0.45	-0.76	-0.28	-0.26	0.03	0.41	0.47	0.05	-0.53	-0.47	-0.15	0.05	0.46	0.21
0.52	-0.47	-1.07	-0.41	-0.04	0.14	0.39	0.74	0.72	0.21	-0.13	-0.15	-0.34	-0.13	-0.04	0.00
0.77	-0.95	-0.80	-0.14	0.53	0.48	0.56	0.77	0.48	-0.44	-0.38	-0.55	-1.09	-0.35	0.40	0.70
-0.27	-0.47	-1.52	-0.83	-1.05	-0.27	0.84	1.02	1.28	0.15	-0.27	-0.75	-0.47	0.51	0.93	0.91
-0.54	-0.47	-0.40	-0.28	-0.18	-0.01	0.43	0.64	0.29	0.12	-0.45	-0.07	-0.39	0.03	0.21	0.47
0.72	-0.15	-1.00	-1.23	-1.07	-0.32	-0.05	0.34	0.67	0.19	0.09	-0.01	0.13	0.46	0.25	0.66
0.19	-0.31	-0.80	-0.70	0.05	0.06	0.17	0.86	0.35	0.07	-0.47	-0.49	0.03	0.29	0.23	0.21
-0.63	-0.38	-0.32	0.12	0.74	0.60	0.10	-0.19	-0.51	-0.49	-0.26	0.04	0.34	0.65	0.71	0.65
0.01	0.43	-0.56	-0.47	-1.11	-1.04	-0.10	1.35	1.42	0.30	-0.39	-0.89	-1.09	-0.07	0.52	1.01
-0.40	-0.99	-1.06	-0.75	-0.61	-0.76	0.71	1.49	1.36	0.26	-0.13	-0.36	-0.13	-0.11	0.21	0.71
-0.63	-0.66	-0.24	-0.82	-0.84	-0.89	0.57	0.64	0.54	0.28	-0.01	-0.26	0.11	0.24	0.71	0.81
-0.83	-0.33	-0.25	-0.70	-0.57	-0.09	0.27	0.47	0.58	-0.12	-0.11	0.01	-0.08	0.21	0.55	0.38
-0.48	0.34	-0.17	-0.69	-0.96	-0.41	0.38	0.72	0.64	0.30	0.13	-0.72	-0.17	-0.06	0.19	0.33
-1.06	-1.11	-1.17	-0.99	-0.85	-0.18	0.74	0.71	1.06	0.47	0.50	0.28	0.16	0.68	0.41	0.00
-0.81	-1.04	-0.51	-0.74	-1.22	-0.20	0.89	1.04	0.87	0.17	-0.32	-0.43	0.23	0.37	0.88	0.73
-0.08	0.10	-0.64	-0.94	-0.23	-0.02	0.24	0.52	0.68	-0.02	0.00	0.03	0.08	0.09	0.20	0.00
1.95	0.93	0.04	-0.44	-0.12	0.21	0.32	0.58	-0.02	-0.98	-0.56	-0.78	-0.70	-0.38	0.92	0.53
-0.22	-0.47	-0.67	-0.20	-0.32	0.07	0.49	0.69	0.74	0.11	-0.11	-0.08	-0.98	0.26	-0.01	0.31
-0.98	-0.65	-1.31	-0.67	0.16	0.18	0.46	1.03	0.50	-0.37	-0.46	-0.10	0.35	0.55	0.90	0.75
-1.13	-0.95	-2.36	-0.41	0.09	0.58	0.90	1.35	0.78	-0.53	-0.31	0.32	0.45	0.48	0.58	0.37
0.05	-0.18	-0.13	-0.42	-0.72	0.36	0.94	1.09	0.78	-1.50	-0.26	-0.09	-0.03	0.28	0.01	0.00
0.73	-1.67	-0.56	-0.06	0.02	0.37	1.06	1.21	0.39	-0.42	-2.11	-0.83	-0.19	0.70	0.79	0.69
-0.21	-0.63	-1.00	-0.55	-0.14	0.66	0.83	0.92	0.70	-0.49	-0.80	-0.51	0.15	0.38	0.54	0.02
0.53	-0.22	-1.78	-0.48	-0.26	0.00	1.03	0.97	0.55	-0.12	-0.98	-0.14	0.05	0.80	0.21	0.00
-1.55	-1.41	-1.02	-1.05	-0.42	0.48	1.04	1.18	0.62	-0.44	-0.35	0.14	0.42	0.62	1.57	1.05
0.11	0.03	-0.24	-0.45	-0.37	-0.04	0.64	1.17	1.15	-0.32	-0.60	-1.06	-0.40	-0.08	0.20	0.00
-0.79	-1.29	-0.63	-0.91	-0.10	0.22	1.13	1.20	0.74	-0.15	-0.56	-0.32	-0.11	0.42	0.65	0.74
-1.99	-1.73	-1.12	-1.18	-1.02	0.40	1.36	1.98	1.15	0.06	-0.64	-0.78	0.22	1.02	0.88	0.77
-0.64	-0.76	-0.55	-0.68	-0.66	-0.09	0.26	0.41	0.51	0.18	0.09	-0.23	0.04	0.27	0.98	0.52
-0.01	-0.82	-0.65	-0.43	-0.28	-0.48	0.23	0.58	0.31	0.15	-0.24	-0.52	0.02	0.37	0.57	0.65
-3.12	-4.12	-3.54	-1.54	-0.37	1.48	2.45	2.77	1.81	-0.26	-0.73	0.34	0.71	1.48	2.06	2.36
-0.79	-0.56	-0.79	-0.23	-0.53	-0.14	0.61	0.95	0.96	0.38	-0.11	-0.31	-0.41	0.49	0.08	0.15
-1.16	-1.39	-0.96	-0.91	-0.71	-0.10	0.54	0.61	0.63	0.25	0.37	-0.33	0.10	0.49	1.27	0.87
